0 [17, 30, 32, 100, 108, 147, 163, 176, 213, 214, 226, 231, 271, 318, 319, 331, 352, 359, 362, 376, 408, 414, 429, 490, 514, 523, 532, 539, 548, 568, 613, 651, 681, 702, 709, 742, 778, 830, 900, 902, 904, 924, 927, 940, 950, 953, 960, 977, 978, 980, 988]
1 [7, 8, 79, 85, 87, 96, 130, 134, 138, 143, 150, 180, 205, 206, 222, 276, 279, 301, 320, 330, 351, 358, 360, 401, 441, 445, 479, 499, 519, 557, 561, 571, 589, 608, 643, 657, 683, 686, 688, 689, 708, 714, 734, 777, 845, 876, 906, 917, 975]
2 [23, 73, 77, 106, 114, 115, 121, 132, 141, 172, 181, 198, 209, 280, 303, 307, 314, 336, 366, 483, 492, 517, 606, 620, 624, 626, 636, 663, 691, 699, 715, 724, 750, 769, 776, 801, 808, 812, 825, 844, 849, 871, 912, 915, 959, 992, 995, 999]
3 [3, 22, 46, 97, 185, 187, 215, 242, 245, 254, 291, 297, 337, 341, 402, 411, 421, 426, 484, 497, 508, 550, 551, 593, 595, 611, 617, 649, 662, 666, 703, 726, 739, 761, 773, 774, 798, 819, 882, 897, 911, 922, 930, 962, 967, 974, 976, 981, 997]
4 [44, 51, 67, 84, 88, 151, 159, 210, 228, 292, 300, 345, 363, 365, 369, 377, 388, 415, 430, 433, 474, 477, 488, 496, 498, 500, 506, 520, 534, 573, 580, 584, 598, 612, 615, 625, 631, 640, 656, 670, 707, 721, 753, 781, 783, 856, 869, 891, 973, 987, 994]
5 [29, 41, 82, 95, 119, 127, 142, 191, 202, 217, 225, 247, 259, 278, 310, 325, 333, 339, 368, 412, 424, 428, 434, 435, 449, 450, 452, 481, 482, 533, 554, 648, 652, 654, 696, 701, 712, 756, 757, 772, 862, 870, 887, 926, 938]
6 [5, 38, 48, 60, 89, 92, 126, 128, 136, 137, 156, 188, 193, 204, 252, 262, 267, 284, 298, 299, 306, 332, 346, 367, 380, 383, 406, 420, 427, 438, 439, 447, 460, 505, 574, 601, 603, 629, 659, 704, 730, 740, 744, 751, 752, 759, 779, 829, 842, 861, 896, 910, 932, 937, 963, 969, 984]
7 [9, 18, 33, 40, 66, 94, 102, 111, 116, 153, 165, 194, 234, 244, 282, 311, 312, 322, 355, 398, 400, 417, 442, 475, 502, 525, 549, 559, 597, 607, 622, 677, 711, 718, 741, 816, 817, 822, 827, 852, 864, 881, 890, 894, 907, 935]
8 [6, 28, 35, 43, 54, 56, 62, 68, 93, 145, 148, 154, 157, 197, 200, 212, 216, 221, 256, 258, 272, 334, 391, 422, 453, 468, 504, 512, 566, 660, 665, 700, 705, 746, 748, 749, 762, 780, 793, 799, 805, 820, 826, 840, 855, 914, 957]
9 [12, 16, 19, 20, 52, 61, 70, 125, 201, 223, 224, 232, 235, 239, 290, 293, 294, 327, 340, 356, 370, 379, 403, 405, 419, 423, 437, 440, 454, 462, 476, 546, 555, 564, 594, 627, 669, 672, 674, 678, 719, 723, 735, 736, 763, 765, 767, 794, 804, 807, 850, 854, 874, 886, 908, 909, 920, 931, 939]
10 [0, 53, 69, 104, 113, 168, 175, 211, 219, 260, 283, 286, 296, 342, 349, 404, 407, 436, 455, 471, 480, 489, 543, 579, 590, 600, 610, 630, 653, 738, 745, 754, 770, 823, 832, 836, 843, 925, 933, 941, 943, 944, 946, 954, 964, 965, 982]
11 [34, 37, 81, 83, 86, 103, 120, 122, 123, 158, 160, 183, 227, 229, 243, 281, 287, 315, 348, 375, 384, 425, 451, 457, 458, 459, 495, 509, 524, 527, 540, 547, 562, 572, 581, 585, 605, 616, 646, 658, 668, 710, 729, 775, 785, 788, 831, 835, 846, 892, 958]
12 [1, 10, 11, 14, 65, 107, 109, 149, 177, 179, 182, 236, 269, 302, 305, 350, 378, 392, 418, 444, 486, 521, 545, 569, 587, 609, 623, 639, 667, 694, 717, 789, 809, 833, 838, 899, 901, 945, 952, 955, 972, 985]
13 [2, 42, 59, 71, 76, 117, 135, 166, 169, 174, 192, 207, 240, 304, 317, 323, 385, 393, 396, 446, 461, 465, 478, 487, 542, 553, 556, 563, 621, 633, 642, 661, 690, 747, 758, 803, 815, 847, 853, 860, 863, 880, 928, 947, 949, 990, 993]
14 [15, 25, 26, 36, 45, 47, 63, 64, 80, 167, 170, 195, 203, 253, 261, 273, 285, 309, 357, 364, 371, 386, 390, 399, 409, 413, 463, 470, 530, 536, 565, 567, 586, 602, 619, 638, 673, 680, 713, 731, 733, 755, 764, 795, 797, 800, 810, 837, 858, 884, 885, 888, 913, 916, 989, 996]
15 [50, 57, 74, 91, 146, 164, 178, 237, 250, 255, 265, 270, 275, 277, 313, 324, 326, 344, 354, 381, 431, 515, 575, 576, 588, 618, 664, 695, 697, 706, 786, 821, 824, 839, 865, 866, 867, 872, 893, 903, 923, 956, 961, 970, 971, 998]
16 [31, 49, 58, 72, 99, 118, 124, 139, 155, 184, 186, 190, 196, 220, 233, 238, 241, 251, 264, 268, 289, 316, 361, 382, 493, 503, 516, 522, 528, 531, 538, 544, 582, 596, 604, 614, 645, 698, 720, 722, 732, 743, 771, 841, 873, 889, 921, 948, 983]
17 [24, 75, 90, 112, 129, 131, 162, 171, 173, 189, 249, 257, 263, 266, 288, 295, 321, 329, 347, 353, 374, 387, 394, 395, 397, 416, 507, 510, 529, 577, 583, 599, 634, 635, 637, 641, 647, 671, 675, 676, 679, 682, 684, 716, 766, 782, 784, 790, 791, 806, 813, 834, 851, 883, 898, 919, 934, 942, 966]
18 [4, 13, 39, 78, 98, 101, 105, 110, 133, 152, 161, 230, 308, 372, 389, 410, 432, 443, 448, 466, 467, 469, 472, 494, 501, 511, 513, 526, 535, 537, 541, 552, 591, 592, 650, 655, 728, 737, 768, 787, 792, 857, 868, 875, 877, 878, 895, 905, 951, 968, 986]
19 [21, 27, 55, 140, 144, 199, 208, 218, 246, 248, 274, 328, 335, 338, 343, 373, 456, 464, 473, 485, 491, 518, 558, 560, 570, 578, 628, 632, 644, 685, 687, 692, 693, 725, 727, 760, 796, 802, 811, 814, 818, 828, 848, 859, 879, 918, 929, 936, 979, 991]
