36, 27, 11, 97, 31, 70, 69, 75, 11, 18, 60, 100, 12, 24, 94, 94, 16, 97, 16, 75
11, 22, 4, 54, 89, 43, 94, 76, 43, 81, 31, 79, 28, 64, 43, 28, 59, 55, 85, 96
16, 11, 42, 12, 12, 67, 37, 91, 74, 46, 43, 14, 73, 82, 3, 49, 59, 92, 3, 48
15, 84, 61, 70, 87, 93, 2, 12, 28, 19, 24, 46, 68, 22, 92, 87, 98, 4, 9, 33
33, 91, 45, 96, 92, 82, 83, 22, 72, 84, 98, 27, 39, 70, 52, 33, 29, 69, 7, 85
73, 68, 82, 62, 30, 15, 25, 36, 25, 70, 76, 86, 26, 21, 79, 95, 36, 27, 60, 91
68, 85, 25, 62, 56, 21, 52, 29, 19, 47, 61, 69, 6, 90, 37, 21, 41, 80, 20, 25
32, 68, 94, 74, 80, 64, 80, 46, 24, 21, 39, 18, 2, 53, 45, 68, 40, 14, 28, 1
47, 6, 12, 62, 81, 80, 84, 59, 67, 68, 83, 59, 50, 97, 95, 7, 30, 10, 15, 64
34, 60, 21, 51, 19, 89, 59, 35, 86, 95, 83, 38, 65, 90, 23, 29, 50, 13, 84, 95
36, 50, 10, 83, 37, 16, 42, 78, 80, 7, 5, 95, 14, 13, 77, 86, 13, 56, 97, 29
56, 87, 39, 66, 72, 94, 99, 74, 16, 23, 73, 83, 71, 33, 83, 92, 80, 73, 48, 91
57, 20, 22, 70, 70, 70, 58, 94, 34, 25, 93, 59, 47, 31, 35, 64, 94, 3, 25, 57
26, 84, 82, 30, 49, 17, 68, 4, 44, 4, 44, 12, 83, 26, 17, 32, 97, 87, 94, 84
39, 54, 92, 17, 31, 24, 4, 9, 18, 94, 17, 62, 58, 72, 46, 76, 77, 54, 13, 58
98, 71, 23, 40, 96, 25, 4, 82, 100, 26, 79, 29, 21, 84, 73, 9, 88, 17, 79, 68
88, 68, 47, 88, 11, 77, 53, 27, 51, 16, 35, 19, 72, 2, 100, 87, 100, 89, 70, 35
41, 88, 10, 60, 11, 41, 79, 73, 28, 75, 3, 17, 40, 28, 43, 45, 40, 44, 73, 6
28, 71, 18, 31, 84, 91, 22, 14, 84, 89, 24, 5, 40, 7, 10, 78, 97, 18, 19, 49
48, 25, 21, 18, 18, 79, 74, 5, 47, 39, 1, 54, 31, 22, 6, 85, 42, 86, 52, 76
84, 10, 50, 82, 13, 69, 92, 44, 19, 29, 59, 62, 100, 97, 26, 95, 60, 17, 22, 82
51, 72, 34, 84, 35, 11, 10, 92, 15, 44, 91, 48, 97, 96, 42, 88, 50, 24, 87, 5
93, 33, 51, 81, 75, 86, 98, 65, 100, 26, 31, 43, 50, 18, 95, 51, 52, 59, 9, 74
51, 83, 17, 87, 59, 28, 38, 13, 24, 99, 37, 44, 6, 20, 1, 42, 100, 18, 6, 38
5, 77, 91, 86, 61, 57, 33, 75, 68, 44, 77, 16, 62, 78, 42, 91, 67, 78, 69, 18
5, 30, 43, 80, 57, 43, 67, 23, 11, 69, 29, 79, 82, 60, 78, 55, 87, 87, 86, 22
85, 26, 72, 95, 58, 38, 34, 79, 24, 98, 100, 83, 26, 90, 43, 11, 93, 25, 17, 58
74, 14, 44, 31, 55, 78, 33, 98, 35, 68, 54, 7, 48, 53, 8, 26, 70, 66, 94, 35
97, 44, 26, 19, 68, 67, 95, 39, 31, 50, 60, 100, 84, 73, 38, 67, 67, 9, 83, 82
64, 64, 47, 41, 97, 42, 11, 8, 89, 89, 87, 87, 33, 10, 3, 92, 34, 99, 41, 67
59, 43, 80, 95, 97, 81, 11, 20, 14, 93, 94, 9, 39, 19, 64, 7, 95, 29, 99, 75
85, 88, 6, 56, 32, 45, 63, 21, 47, 98, 30, 67, 47, 21, 10, 18, 95, 59, 97, 19
42, 99, 34, 99, 73, 15, 77, 19, 16, 97, 21, 26, 24, 30, 22, 77, 6, 35, 1, 37
7, 20, 10, 91, 76, 34, 36, 97, 22, 87, 10, 37, 85, 3, 98, 67, 33, 28, 85, 87
19, 77, 30, 60, 1, 75, 85, 72, 20, 4, 81, 62, 37, 87, 22, 53, 61, 83, 82, 35
55, 86, 52, 75, 21, 13, 95, 98, 46, 51, 17, 55, 99, 98, 81, 77, 22, 72, 67, 30
61, 56, 82, 9, 98, 14, 99, 14, 1, 91, 25, 78, 12, 32, 4, 42, 42, 87, 74, 9
98, 62, 72, 29, 23, 4, 99, 10, 39, 95, 15, 25, 27, 9, 67, 41, 45, 79, 89, 39
73, 20, 54, 64, 29, 4, 55, 75, 34, 9, 99, 14, 45, 57, 34, 80, 19, 5, 76, 75
73, 99, 91, 37, 87, 65, 49, 73, 89, 69, 7, 3, 98, 5, 37, 81, 37, 43, 78, 10
74, 27, 4, 73, 46, 60, 24, 99, 82, 26, 87, 46, 89, 33, 49, 39, 61, 95, 62, 86
68, 16, 92, 13, 66, 90, 3, 19, 76, 20, 48, 11, 9, 77, 16, 59, 11, 71, 67, 73
80, 66, 43, 40, 95, 36, 2, 51, 96, 22, 39, 95, 55, 11, 3, 65, 76, 47, 15, 49
6, 4, 77, 24, 89, 51, 83, 72, 56, 7, 5, 63, 76, 78, 19, 100, 30, 76, 11, 41
69, 32, 77, 4, 33, 73, 61, 89, 36, 58, 57, 63, 92, 24, 50, 3, 69, 32, 51, 20
77, 7, 35, 95, 97, 17, 8, 2, 58, 71, 46, 19, 11, 82, 92, 22, 84, 96, 66, 31
54, 76, 19, 47, 19, 98, 75, 86, 59, 41, 26, 78, 74, 89, 47, 4, 80, 89, 50, 95
85, 83, 5, 99, 36, 1, 69, 5, 71, 4, 31, 65, 33, 28, 38, 93, 34, 26, 20, 86
50, 33, 62, 5, 20, 53, 97, 26, 93, 52, 80, 99, 2, 81, 28, 93, 80, 63, 32, 83
86, 52, 81, 39, 63, 69, 37, 38, 86, 59, 28, 71, 79, 75, 32, 24, 9, 70, 12, 85
77, 92, 89, 100, 4, 52, 45, 65, 76, 39, 50, 69, 29, 22, 47, 82, 93, 94, 25, 6
96, 65, 5, 20, 75, 37, 86, 37, 75, 82, 63, 56, 14, 55, 34, 19, 67, 16, 78, 28
32, 90, 82, 50, 27, 72, 70, 17, 83, 98, 44, 79, 65, 49, 8, 51, 86, 87, 99, 15
64, 51, 40, 46, 70, 49, 94, 24, 73, 51, 56, 41, 13, 67, 31, 49, 38, 19, 15, 25
82, 43, 13, 24, 22, 77, 24, 7, 37, 22, 27, 88, 57, 15, 63, 47, 29, 54, 67, 77
20, 30, 25, 68, 33, 1, 11, 32, 10, 81, 49, 87, 77, 73, 98, 26, 33, 22, 71, 94
2, 67, 24, 18, 52, 87, 43, 35, 19, 93, 55, 73, 21, 63, 33, 4, 91, 12, 72, 97
58, 75, 86, 46, 79, 80, 78, 55, 85, 61, 12, 11, 3, 12, 88, 91, 27, 69, 31, 15
76, 69, 71, 2, 92, 56, 21, 96, 62, 35, 96, 89, 94, 41, 31, 11, 70, 25, 61, 20
93, 17, 85, 35, 95, 29, 61, 91, 54, 54, 16, 93, 12, 84, 42, 49, 13, 4, 23, 70
6, 54, 32, 36, 82, 25, 21, 23, 6, 42, 54, 78, 28, 74, 33, 2, 81, 62, 87, 70
99, 68, 47, 53, 24, 18, 48, 36, 12, 30, 26, 3, 68, 28, 45, 34, 62, 6, 84, 17
39, 21, 65, 78, 19, 57, 88, 41, 98, 63, 95, 63, 60, 43, 27, 69, 18, 55, 54, 65
71, 94, 2, 43, 39, 61, 19, 1, 29, 71, 63, 1, 5, 71, 39, 58, 46, 97, 63, 32
6, 30, 37, 2, 92, 80, 78, 85, 65, 35, 86, 22, 1, 100, 98, 91, 61, 47, 26, 91
53, 87, 43, 57, 16, 87, 65, 42, 87, 40, 74, 35, 46, 85, 71, 93, 1, 48, 69, 94
70, 89, 16, 26, 56, 15, 13, 84, 26, 36, 86, 78, 7, 35, 74, 81, 60, 65, 33, 4
78, 9, 17, 55, 71, 31, 68, 12, 79, 53, 81, 20, 57, 41, 75, 28, 37, 32, 100, 41
16, 22, 33, 24, 12, 81, 19, 74, 55, 17, 6, 57, 52, 53, 45, 22, 72, 65, 2, 65
14, 14, 71, 35, 63, 2, 8, 71, 67, 65, 22, 50, 91, 25, 97, 28, 24, 95, 10, 50
43, 81, 35, 72, 81, 76, 74, 6, 75, 91, 42, 14, 69, 38, 3, 46, 18, 12, 48, 73
4, 33, 14, 85, 49, 42, 40, 92, 68, 89, 30, 86, 58, 58, 9, 82, 91, 49, 94, 93
78, 36, 63, 43, 59, 74, 30, 61, 36, 24, 66, 91, 82, 48, 25, 11, 92, 80, 32, 91
90, 7, 79, 13, 54, 23, 56, 93, 33, 3, 83, 12, 18, 84, 53, 99, 41, 57, 7, 68
63, 5, 65, 97, 8, 66, 76, 62, 53, 93, 83, 74, 26, 50, 76, 76, 55, 90, 57, 64
87, 44, 14, 31, 100, 40, 74, 40, 64, 95, 72, 48, 5, 72, 61, 36, 58, 99, 72, 4
7, 37, 86, 33, 32, 73, 70, 29, 87, 52, 59, 61, 54, 1, 12, 49, 86, 80, 37, 35
33, 96, 57, 91, 14, 14, 51, 65, 56, 94, 67, 96, 75, 10, 63, 9, 44, 64, 11, 99
98, 69, 68, 64, 3, 43, 77, 45, 61, 75, 43, 37, 55, 18, 14, 83, 39, 40, 88, 35
86, 70, 75, 47, 90, 22, 27, 94, 74, 45, 87, 23, 37, 57, 82, 30, 41, 41, 55, 46
57, 9, 72, 26, 6, 81, 43, 45, 5, 68, 60, 46, 41, 51, 88, 41, 8, 66, 62, 81
45, 16, 23, 16, 59, 37, 22, 36, 54, 33, 63, 27, 56, 12, 87, 28, 35, 90, 32, 80
19, 95, 5, 62, 69, 86, 44, 74, 21, 61, 34, 35, 44, 78, 5, 3, 83, 33, 29, 77
20, 75, 91, 13, 28, 29, 27, 67, 30, 60, 12, 47, 38, 1, 19, 26, 34, 59, 51, 14
93, 83, 74, 48, 55, 39, 57, 68, 67, 49, 45, 87, 51, 11, 44, 27, 62, 28, 81, 46
19, 54, 100, 12, 29, 30, 25, 75, 53, 74, 55, 96, 20, 56, 14, 85, 79, 77, 54, 47
76, 47, 85, 10, 40, 85, 2, 90, 28, 3, 94, 77, 60, 19, 19, 39, 60, 17, 42, 62
48, 3, 34, 10, 30, 97, 50, 5, 19, 18, 27, 82, 73, 92, 34, 74, 17, 44, 35, 52
40, 21, 61, 98, 26, 26, 43, 79, 87, 8, 15, 47, 39, 88, 27, 19, 60, 58, 86, 26
46, 93, 91, 12, 54, 79, 23, 48, 97, 43, 57, 28, 54, 66, 36, 53, 88, 5, 92, 96
41, 54, 75, 74, 6, 69, 13, 99, 83, 89, 37, 40, 27, 11, 78, 35, 11, 43, 27, 25
50, 33, 54, 71, 55, 66, 72, 62, 13, 72, 51, 56, 84, 58, 17, 95, 5, 56, 88, 13
16, 63, 62, 63, 32, 76, 69, 8, 76, 45, 43, 18, 22, 27, 50, 8, 57, 45, 12, 17
40, 83, 5, 30, 91, 70, 68, 56, 11, 21, 38, 11, 76, 49, 18, 96, 12, 30, 90, 44
41, 21, 93, 26, 84, 49, 73, 25, 57, 49, 97, 8, 89, 3, 43, 40, 29, 65, 94, 54
74, 71, 87, 32, 57, 5, 6, 11, 66, 40, 99, 96, 66, 25, 11, 59, 9, 35, 91, 22
3, 27, 24, 86, 46, 70, 33, 83, 66, 97, 59, 5, 37, 34, 89, 70, 40, 99, 51, 54
40, 83, 51, 99, 40, 33, 99, 68, 49, 19, 52, 30, 37, 32, 40, 23, 47, 3, 95, 89
50, 27, 15, 78, 99, 8, 92, 4, 7, 17, 28, 70, 28, 32, 50, 73, 97, 73, 56, 38
89, 50, 16, 36, 23, 76, 82, 70, 73, 12, 49, 37, 96, 4, 60, 35, 49, 21, 29, 46
